    0.178023     3.995528     2.298866     1.978209     3.749515    -1.138187     0.994028    -0.721594     0.614305      1
    0.178023     5.009293     3.063454     2.127218     3.152355     0.930724    -0.268129     1.048296    -0.113666      1
    0.178023     2.308147     1.403166     1.154334     2.768263    -1.231995     1.211674    -0.466589     0.147052      1
    0.178023     4.280046     3.758795     1.182723     4.471109    -0.448402    -0.455389     0.511109    -0.080985      1
    0.178023     4.460214     1.270875     1.496882     2.456068     1.567490    -0.626236     1.030235    -0.090578      1
    0.648671     5.275412     3.410596     0.539402     3.563426    -0.246260    -1.213011     1.670641    -0.066613      2
    0.648671     4.081223     1.615679     1.306806     3.317674     0.132855     1.167997    -2.103891     0.065969      2
    0.648671     4.124868     2.471718     1.432791     3.668975    -0.210343     1.132979    -1.731617    -0.167348      2
    0.648671     4.534097     2.330414     2.142631     2.794368     1.845207     2.195209     1.172568    -0.468609      2
    0.648671     3.762018     2.078882     1.732534     3.478663     0.140361     0.055118     0.225319    -0.502733      2
   -0.131334     4.143761     3.024053     0.820875     4.490257    -1.025630     0.595432    -0.411470     0.208025      3
   -0.131334     3.588662     1.765625     1.578042     3.626606    -0.455351     0.308674    -0.688166     0.749984      3
   -0.131334     3.491763     2.437207     1.180986     2.960963    -0.780991    -1.283466    -0.448139    -0.056733      3
   -0.131334     2.835903     1.178630     0.702632     3.879737    -1.933219     0.446683    -0.278720    -0.566364      3
   -0.131334     3.654603     2.630600     1.742237     3.390111     0.437928    -0.314655     2.450680     0.125714      3
   -0.283094     3.820421     2.459991     1.295714     3.479569    -0.790921     2.149978     0.347482     1.035781      4
   -0.283094     4.248077     1.574532     0.968510     2.849696     0.890362    -0.406082     0.585110     0.402290      4
   -0.283094     4.313240     2.512937     1.906657     3.849002     1.052749    -1.113036    -1.093522     0.234108      4
   -0.283094     3.329254     2.166644     2.017803     2.704066    -1.052428     1.039964    -0.409902    -1.844314      4
   -0.283094     3.680238     1.650222     0.989615     3.640468    -0.749670    -0.323412    -0.090967     0.585201      4
   -0.178130     3.536880     2.863421     0.749327     3.860851     0.585362     0.869366     0.250171     1.916137      5
   -0.178130     3.246738     3.206191     1.945475     3.483694     0.102204    -1.126684     1.302366     0.008149      5
   -0.178130     3.178908     1.850211     2.124254     2.438897     0.232023     1.086960     0.508208     0.262913      5
   -0.178130     1.615084     1.859531     1.192085     2.851510    -1.436228    -0.878564    -0.235700     0.969478      5
   -0.178130     3.294635     1.083004     1.130941     2.304494    -0.924931     0.469873    -0.051512     1.034601      5
   -1.365958     1.403705     2.236515     1.744266     3.144541    -2.486255    -0.195811     0.932700     0.101270      6
   -1.365958     3.974752     2.659536     1.642330     3.927105     0.265408    -1.815848    -0.292925    -0.844473      6
   -1.365958     3.136030     2.940697     1.856768     2.758858     0.124627    -0.740422    -0.611733    -0.497389      6
   -1.365958     3.152845     1.633973     1.278472     1.931880    -0.016741    -1.245982     0.460314     0.795900      6
   -1.365958     4.016094     2.590443     1.669345     3.364835     0.630932     0.439068     1.260190    -0.856951      6
   -0.166407     2.382606     2.285626     1.563510     2.686083    -0.538123     0.789415    -0.172974     0.108388      7
   -0.166407     1.784535     2.414054     2.522057     3.457615    -0.436753    -0.413795     0.851839     1.011288      7
   -0.166407     3.103930     2.789913     2.204330     3.846574     0.161899    -0.608449     1.614681     0.759767      7
   -0.166407     3.726212     3.855558     1.207159     3.451424     0.399098     0.250447     1.663885    -0.280733      7
   -0.166407     3.546195     3.360978     1.083276     3.652989    -0.095530    -1.876839     0.110518    -0.614572      7
    0.917509     3.562664     2.674544     1.546428     3.802234    -0.395362    -0.878701    -1.709925    -0.225159      8
    0.917509     4.348677     2.454821     1.276169     3.741639    -0.055508    -0.940805    -0.163641     0.615501      8
    0.917509     4.581013     3.452851     0.515572     3.420559    -0.165330    -1.048608     0.422872     1.044877      8
    0.917509     4.347762     2.061653     1.010642     3.491605    -0.058284     0.588873    -0.624666     0.168473      8
    0.917509     3.387951     2.173372     0.427795     3.523944    -0.810270     0.822536    -0.489100     0.660286      8
   -0.270636     3.344171     3.102436     0.965666     3.623255    -0.216622    -0.017815     0.883919    -0.066809      9
   -0.270636     3.094813     2.361720     1.434236     3.647445     0.250326     0.607024     0.460296    -0.424822      9
   -0.270636     3.223182     2.686012     1.989437     3.095049     0.225420    -1.219346     0.537176     0.554437      9
   -0.270636     2.841464     2.525088     0.459108     4.436774    -1.332245    -1.582248     0.088757    -0.684709      9
   -0.270636     3.219620     2.240845     2.581033     3.703458     0.533658     0.691700    -1.439067    -0.275871      9
    1.031881     3.650876     2.061177     1.728707     3.502270     0.744797     0.772859    -1.317461     0.690208     10
    1.031881     3.089076     3.770354     2.586292     2.505728     1.036728     0.830873     2.070557     0.367479     10
    1.031881     2.856331     2.041877     1.379884     3.078577    -0.410808     0.404607     1.007745     1.250282     10
    1.031881     3.538948     1.816439     0.955103     2.781946    -0.004518     1.361816     0.791821    -0.051157     10
    1.031881     2.886008     2.794828     1.350903     3.346713     0.182802     0.176318     0.038759    -0.844077     10
   -0.830746     3.266781     2.456754     0.947558     3.828051     0.445531     0.329040    -0.695067    -0.488473     11
   -0.830746     1.792963     1.293940     1.099918     2.719147    -1.050135     0.201763     0.402970    -0.710660     11
   -0.830746     3.121205     1.498824     0.764166     3.395275    -0.145378     0.334368     0.839718     0.040786     11
   -0.830746     4.236497     1.535435    -0.215358     2.429725     0.096905    -1.093219     1.045751     1.049630     11
   -0.830746     4.751411     2.390768    -0.369051     2.653760     1.490085    -2.454486    -0.681692     0.487268     11
   -0.830746     1.909299     2.620076     0.682086     3.649544    -2.338019     0.481002    -0.682300     0.424840     11
    1.429245     2.766621     1.965371     0.579576     2.939100    -1.378938    -0.183740     0.248468    -0.936911     12
    1.429245     3.869745     1.923169     1.626690     2.909931    -0.262682    -1.138666     0.125817    -0.598983     12
    1.429245     4.705203     2.440692     1.844632     3.376092     1.297864    -0.516491    -0.527178    -0.523837     12
    1.429245     3.893218     1.730909     0.871690     3.886121    -0.851802    -0.497857    -2.540728     0.485288     12
    1.429245     3.358590     2.272363     3.014960     3.030872     0.870142     0.045383    -0.301188    -0.988201     12
    1.429245     3.867813     3.295239     1.400065     4.347053    -0.132236    -0.984436     1.174955    -0.111763     12
   -0.622292     4.182282     1.940521     1.846625     2.270867     0.344700     1.189958    -0.741813    -0.206025     13
   -0.622292     3.089696     2.144296     1.781959     3.299711    -1.385343    -0.116596     1.201437    -0.502442     13
   -0.622292     2.215201     1.597244     1.558428     3.432755    -1.823013     0.065280    -0.741635     0.691399     13
   -0.622292     4.597017     2.230841     1.597554     3.646348     1.358631     0.841454    -0.664608    -0.257105     13
   -0.622292     3.926859     2.232772     1.378576     3.589520     0.273661    -0.076615     0.337278    -0.489253     13
   -0.622292     3.191722     2.191388     1.655930     4.068361    -0.478315     1.735016    -2.062140    -0.029267     13
    0.819644     4.455758     2.828273     0.926166     3.215079     0.191294    -0.915477    -0.097842    -0.114899     14
    0.819644     4.627080     3.558842     1.410399     3.668462     0.382326    -0.037065     0.513425     0.816689     14
    0.819644     4.747632     2.339443     1.758429     3.978412     1.460733     0.348904    -1.371591     0.595978     14
    0.819644     3.752479     2.193026     1.524086     3.329005    -0.177233     0.737377    -1.106750    -0.337265     14
    0.819644     3.231060     2.266236    -0.358010     3.899443    -1.545978     0.000987    -0.306074     0.146610     14
    0.819644     4.856242     3.543246     1.317035     3.662342     1.752485     1.665600     1.213581     0.345862     14
    0.358134     1.493704     2.176107     1.363918     3.287208    -2.291940     1.149850     0.946575    -1.378247     15
    0.358134     3.706745     2.403287     1.508746     2.855618     0.450147    -0.056627     0.068003     0.387267     15
    0.358134     1.986074     1.738491     1.442118     4.035674    -1.764161     0.191719    -1.100349    -0.968042     15
    0.358134     3.325746     2.715588     1.038283     4.549747    -0.557052     0.049747    -0.535833     0.070300     15
    0.358134     2.662830     2.134786     2.529474     4.351192    -0.250616     0.223113    -0.360461    -0.066947     15
    0.358134     3.237926     1.648381     1.427778     2.740401    -0.305394     1.105351    -0.337257    -0.342984     15
    1.581404     4.652180     2.703186     1.253005     3.127099     0.643513    -1.265352    -0.371293     0.224900     16
    1.581404     4.529973     2.672913     0.641844     3.148388     0.746342     0.196696     1.044997    -0.126546     16
    1.581404     4.380784     1.379430     1.572778     2.604071     0.945904    -0.705766    -0.613325    -0.627013     16
    1.581404     2.928823     1.682204     1.887720     3.005332    -0.904675    -1.509539     0.897003    -0.261256     16
    1.581404     2.517910     2.188938    -0.036778     3.004292    -1.746325     0.205655     2.454052     0.613426     16
    1.581404     3.772428     2.821589     1.379197     3.330000    -0.158826    -0.083515    -0.565985    -0.561351     16
    0.306137     3.953095     1.910849     1.743877     2.734765    -0.051460    -0.400555     0.535998     0.375726     17
    0.306137     4.044570     1.933142     1.811246     3.177319    -0.432320    -0.778916    -1.267216     0.472622     17
    0.306137     3.911041     2.274193     2.261187     2.907931     0.646236    -0.163327     0.652685    -0.579376     17
    0.306137     6.384513     3.216944     1.081863     4.105487     1.081697     0.190525     0.088955     0.318098     17
    0.306137     3.636238     1.833080     2.385860     3.442165    -0.192513     0.686727    -2.045304     0.434846     17
    0.306137     4.788389     2.723616     3.282920     3.996673     0.923589    -0.296651     1.339235     0.262882     17
   -0.002972     2.292710     1.923895     0.911423     3.867607    -1.429335    -0.150386     1.344832     0.424725     18
   -0.002972     3.722558     2.429668     1.871275     4.192438    -0.620160    -0.079757     0.998425     0.089356     18
   -0.002972     5.175970     3.772643     2.739774     3.474592     1.931296     0.093029     0.331566    -0.669077     18
   -0.002972     3.435526     2.358351     0.738683     3.129576    -1.087149    -2.122304    -0.380600     0.241706     18
   -0.002972     4.520654     2.244637     0.921287     2.690947    -0.352695    -0.583655     1.123657     1.081814     18
   -0.002972     4.176404     2.383083     2.699726     3.038984     1.738868     0.232275     1.742722    -0.161301     18
   -0.260607     3.441159     1.475889     1.981866     3.969331    -0.594568    -0.632047    -0.105648     1.000829     19
   -0.260607     4.964541     0.916397     2.740317     2.160759     1.932145     0.193530    -0.018972     0.223232     19
   -0.260607     3.887942     2.540059     2.241651     3.653802    -0.910342    -0.218183    -0.280343    -0.565350     19
   -0.260607     3.856951     3.049076     2.228354     4.079497    -1.137160    -0.576132     0.579315    -0.420670     19
   -0.260607     3.427153     2.401535     2.584807     2.321295    -0.942682     0.696360    -0.666348    -0.185137     19
   -0.260607     3.755858     1.562006     2.020450     2.686078    -0.214114     0.772914     1.635608    -0.299760     19
   -0.166521     3.240594     2.162980     3.000563     2.212767     0.291515    -0.321937     0.720625     1.133730     20
   -0.166521     2.363299     1.091717     3.050231     2.706541    -0.218590    -0.230353    -0.323341     0.464384     20
   -0.166521     3.666686     1.995559     1.883113     4.200276    -0.458762    -0.133300    -1.492012     0.562443     20
   -0.166521     4.100884     2.868084     1.758033     3.573708    -0.229491    -1.652896    -1.371375    -1.044044     20
   -0.166521     3.291929     1.594466     3.145043     4.058068     1.024227    -0.213366    -0.925438    -0.575833     20
   -0.166521     4.711150     3.299571     2.654319     3.875663     1.473529    -0.219636     0.916535    -0.247080     20
    0.676151     3.856362     2.718945     0.686741     3.638986    -0.256724     0.736596    -1.274216    -0.738473     21
    0.676151     3.629622     2.341438     0.164433     3.701503    -0.370131     1.627447    -2.950221     0.447940     21
    0.676151     4.289717     2.650241     0.573252     3.950803     0.187820    -0.803016    -1.768937     0.640740     21
    0.676151     3.647179     2.618582     1.577457     3.728319     1.034397     0.738235    -0.403897     0.298179     21
    0.676151     2.714183     2.524442     1.474329     3.678227     0.065578     0.644097    -0.229939    -0.088159     21
    0.676151     3.130625     1.917268     1.252555     2.887456    -0.844043    -0.813305     0.578168     0.873516     21
   -0.292829     3.036729     3.305409     2.044604     3.550278     0.281634     0.776762     1.299349     0.963883     22
   -0.292829     2.469072     2.705310     1.173906     3.469199    -0.471386     0.387790    -0.541619    -0.203830     22
   -0.292829     3.289670     2.283927     2.202944     3.916123     0.056138    -0.096731     0.586016    -1.104726     22
   -0.292829     4.669784     3.521577     1.879403     3.661561     0.819572    -0.173561     1.402793     0.897531     22
   -0.292829     1.790153     2.351033     2.779747     3.107213     0.011142    -0.660815     0.254305     1.365143     22
   -0.292829     3.701284     2.823468     1.298721     3.612639     0.436906     0.227539     0.963809     1.054955     22
    0.637862     4.812688     2.587154     1.130966     3.649847     0.622974     0.997225    -0.226257     0.940085     23
    0.637862     4.219827     3.449728     1.760090     4.391184     1.054609    -0.037536     0.631932     0.545751     23
    0.637862     3.822296     2.400466     1.717693     3.731877     0.279656     0.282754    -0.803302    -0.442051     23
    0.637862     3.151587     1.276607     1.473055     3.741175    -1.422565     0.044068    -2.033635    -0.341463     23
    0.637862     3.122885     1.242855     1.687469     2.662067    -0.876187    -0.598407    -0.757286     0.406841     23
    0.637862     3.435559     2.831395     1.171979     4.290412    -0.243417    -0.330221    -0.676827    -0.550396     23
    0.584128     1.755825     2.573204     1.407070     4.636488    -0.121417    -0.103390     1.566356    -0.147393     24
    0.584128     3.348772     2.645356     2.042850     3.250192     0.432176     0.762030     0.560639    -0.055267     24
    0.584128     3.153084     1.120120     0.914061     3.123161    -0.367826    -1.101939    -1.177953     0.477948     24
    0.584128     3.182619     2.654780     1.571951     3.409754     1.857846    -0.583877     0.460044    -0.026783     24
    0.584128     2.379998     3.015790     1.344648     4.942434     0.277624    -0.502947     0.856914    -0.014647     24
    0.584128     4.001129     1.784849     0.508902     2.707203     0.723909    -0.337399     0.856960     0.433216     24
    0.093888     3.990615     1.382032     2.407591     3.457531     1.146289     0.583254     0.703182     0.073832     25
    0.093888     4.118772     2.948704     2.073639     4.200201     0.554160     0.080692    -1.903579    -0.216624     25
    0.093888     4.273046     3.161493     1.905512     3.677893     0.749972     0.372115     0.750066     0.818116     25
    0.093888     3.184638     1.689687     1.947727     3.365259    -0.236663    -0.006070    -0.073452     0.013046     25
    0.093888     3.983229     1.863655     2.054381     2.393129     0.092636     0.644288    -0.118183    -0.776533     25
    0.093888     2.918716     2.180777     2.443224     3.163344    -0.588117    -0.819627     1.150320    -0.551008     25
    0.295601     4.177776     2.170068     0.993390     3.135311     0.240023    -0.104471    -0.730270     0.294548     26
    0.295601     2.832937     2.637979     1.685713     3.655079    -1.048659     0.666081    -0.074808     0.514152     26
    0.295601     3.431167     2.630351     0.752046     3.572416     1.220209     0.231790     1.271685    -0.040048     26
    0.295601     4.227855     2.965976     2.388328     3.462231     0.606858    -0.749253    -1.821959     0.884462     26
    0.295601     3.351164     2.237052     1.556601     3.246377    -0.474287    -0.892369    -1.432300     0.351031     26
    0.295601     3.252401     1.786744     1.169547     3.696143    -0.186719     0.109093     0.435441    -1.487429     26
    0.458918     3.184018     2.494148     0.857299     3.895940    -1.087811    -0.401137     0.251569    -0.815594     27
    0.458918     3.497738     1.793928     2.387505     2.652395     0.587874    -0.232105    -0.200540     0.682877     27
    0.458918     4.109543     3.034994     1.626995     3.392588     1.248181    -0.004774    -0.468552     0.002658     27
    0.458918     3.492268     2.526252     1.983982     3.463524     0.009364    -0.708113    -0.571793    -1.361171     27
    0.458918     3.785689     2.933885     0.682764     3.724824    -0.481320     0.789189     1.948732     0.669386     27
    0.458918     4.603888     1.647757     1.977648     3.183845     0.618039     0.350994    -1.522821    -0.147821     27
    0.882555     2.939713     2.045841     0.388671     2.859676    -1.227663    -0.241457     2.489369     0.749123     28
    0.882555     4.222432     3.744569     0.402065     3.657573    -0.054170    -0.359274     1.527751    -0.656911     28
    0.882555     3.906837     2.628274     0.814472     3.542648    -1.299163     0.554345    -1.372997    -1.061651     28
    0.882555     4.726600     3.014145     1.689868     4.394198     1.043321    -0.002618     1.168609    -0.439713     28
    0.882555     3.851441     2.557699     0.389259     3.738973    -0.737546    -0.415036     1.435417     0.045024     28
    0.882555     4.636051     2.959652     1.749844     3.259462     0.777705     1.369110     0.315820    -0.226917     28
   -0.373087     3.785698     2.191539     0.876723     3.180153     0.203840     0.942411    -0.813610    -0.108265     29
   -0.373087     5.081715     3.195146     0.841882     3.392339     0.725278    -0.918159    -1.771374     0.099332     29
   -0.373087     3.946786     3.087596     1.071459     3.467756     1.220185    -0.267349     0.984875    -1.080581     29
   -0.373087     3.022892     2.746005     2.060206     3.468049     0.063552    -0.862696     0.640480     0.175085     29
   -0.373087     3.394502     2.207399     0.923766     3.746823    -0.827439    -0.240499    -3.636532    -1.150296     29
   -0.373087     3.697733     3.140989     2.031234     3.108219     0.747966    -1.355265    -1.623087     1.034564     29
    0.157296     3.513228     3.110816     2.421225     3.304327     1.040069     0.675654    -0.137203    -0.944803     30
    0.157296     3.485238     2.215809     0.146108     3.714949    -0.051688     0.402511     1.329844    -0.655621     30
    0.157296     3.462891     2.612043     1.466212     3.481333    -0.181292     0.342443     1.395075    -0.024213     30
    0.157296     3.082601     3.308145     2.287944     4.126698     1.103951    -1.873316    -0.087623     0.911587     30
    0.157296     2.773178     2.513602     0.417656     3.611179    -1.335616     0.375645     1.413027    -0.865275     30
    0.157296     4.177105     2.412275     1.767981     3.685841     0.123027    -1.910235    -0.296320     0.582355     30
   -1.348709     5.106238     2.655692     2.445338     2.921433     0.143413    -0.576004     0.970676     0.687835     31
   -1.348709     5.137777     1.382993     0.535376     2.573451     0.885016    -0.486578     0.297428    -0.239707     31
   -1.348709     4.865014     3.279233     1.427356     4.380798    -0.335427     0.036668     0.769783     0.371312     31
   -1.348709     4.571708     1.817265     1.775423     3.037932     0.101530     1.049605    -1.506024    -0.217853     31
   -1.348709     5.568177     2.345407     1.306120     2.962991     0.267571     1.091352     0.057608    -0.434563     31
   -1.348709     4.515922     2.552462     1.482913     3.421159     0.622449    -1.038484    -0.175259     0.885243     31
    1.689885     3.674311     2.533682     1.386929     3.975252    -0.023719    -0.276122     1.198414     1.089813     32
    1.689885     4.735710     2.825703     1.072068     4.599252     0.831779     0.197695    -1.186651     0.717461     32
    1.689885     3.851054     1.573318     1.788603     2.352077     0.974122     1.702561     1.283735     0.665496     32
    1.689885     4.389961     1.454377     0.733450     2.897161    -0.083968    -0.239789    -0.245117    -0.088825     32
    1.689885     4.401307     3.269145     1.649909     4.649275     0.472678    -0.611000    -0.844807    -0.367405     32
    1.689885     2.906695     2.318180     1.668790     3.250770     0.100425     0.657399    -0.518066    -0.235547     32
   -2.143173     4.145440     2.002909     2.239363     3.034089     0.700531     0.679628     0.546865     0.369770     33
   -2.143173     5.583107     1.981843     0.307159     2.929831     0.492885     0.220272     0.402253     0.604981     33
   -2.143173     3.170862     2.585756     2.641866     3.438930    -0.619392    -0.309249     1.257198     0.383792     33
   -2.143173     5.323810     2.730841     0.365431     3.495591     0.199164    -0.802897     0.059324    -0.534166     33
   -2.143173     5.719395     2.325170     0.718361     2.717998     1.606700    -0.002825     1.052822    -0.648971     33
   -2.143173     3.923430     1.867398     2.095915     2.953151    -0.307483     0.086668     0.918925    -0.428158     33
    0.459493     2.340323     2.215734     1.779050     3.099337     0.775711    -0.903068    -1.071931     0.269923     34
    0.459493     4.178194     1.793474     1.802197     3.749306     1.735563     0.330082    -0.668301    -0.208234     34
    0.459493     3.007763     2.157025     0.773157     3.607627    -0.066638    -1.455356     0.807444     0.840151     34
    0.459493     3.717293     2.742001     1.021759     3.767694    -0.139325     0.195248     0.368411     0.614122     34
    0.459493     3.537704     2.477403     0.776204     2.999213    -0.133353    -0.434290    -0.063546     0.186854     34
    0.459493     3.593832     3.501808     1.648247     4.571875     0.564701     1.075078     0.045819    -1.390825     34
    0.126481     3.798591     2.911223     1.493989     3.017056     1.780991     1.168810     0.824354     0.367191     35
    0.126481     2.241868     1.159072     2.815027     2.418608    -0.212529     0.243407    -1.009205    -0.499902     35
    0.126481     3.562215     2.550550     1.451427     3.623871     0.462961     1.003903    -1.152542     0.255577     35
    0.126481     3.772740     2.327144     2.300320     3.316306     1.153959    -0.866777     0.944957    -0.562277     35
    0.126481     2.847981     2.903071     2.302736     3.588664     0.982605    -0.143288     0.031578     0.099192     35
    0.126481     3.226961     1.353929     1.440066     2.471337    -0.516035    -1.058924     0.012083     0.831527     35
    0.368405     2.841414     2.752228     2.568767     3.566238    -0.334261     0.837831     1.264612    -0.474803     36
    0.368405     4.575051     2.014463     2.165231     3.906043     1.434925     0.077238    -0.219987    -1.814373     36
    0.368405     5.188756     2.393861     1.225932     3.787663     1.822701    -0.876479    -0.101735    -0.161146     36
    0.368405     4.555070     2.861318     0.324316     3.831715    -0.493633     1.465254     1.463932     0.048066     36
    0.368405     4.139628     1.877506     1.781566     3.102533     0.447392     0.661591    -1.597208    -0.491163     36
    0.368405     4.194723     1.110746     2.036199     2.829363     1.179824     0.065521    -1.464383    -0.006071     36
   -0.086704     3.465236     2.944930     1.753957     3.221287    -0.713971     0.931627    -1.108669     1.682965     37
   -0.086704     1.920213     2.039098     1.660913     2.767181    -1.610437    -0.653176    -0.098460     0.267039     37
   -0.086704     2.996249     3.818845     1.255131     4.432365    -0.979606     0.464006     0.140323     0.319577     37
   -0.086704     1.821185     2.455116     1.908399     3.379104    -0.989917     1.439448    -0.194685     0.718741     37
   -0.086704     3.638696     2.540680     2.335384     4.413524     0.583025    -0.414792     1.668554     0.195255     37
   -0.086704     2.729396     1.876855     1.790230     2.530693     0.047498    -0.901116     0.009807    -0.810480     37
   -1.671967     2.932234     2.509501     1.353783     4.731604    -0.211435     1.546394     0.293767    -0.084207     38
   -1.671967     3.801489     2.877235     2.440634     3.530118     0.224042     0.128383    -0.229511    -0.846166     38
   -1.671967     2.810778     1.735177     2.004251     2.749835    -1.341176    -1.174749    -2.492012    -0.264667     38
   -1.671967     3.574030     2.071669     0.973791     2.908882    -1.105267     1.512581    -0.555664     1.378926     38
   -1.671967     2.950219     3.329908     1.936660     4.217577    -0.342229    -1.187710     0.281286    -0.393813     38
   -1.671967     4.794848     1.941796     0.923698     2.846965     1.499866     0.738231    -1.687593     0.689599     38
   -0.599474     5.125911     1.501875    -0.205732     3.289215     0.516838     0.617648    -1.003869    -0.364658     39
   -0.599474     3.221000     2.880900     0.980062     3.285311    -0.437945     0.596297     3.729538    -0.345917     39
   -0.599474     4.642043     1.608405    -0.204102     2.613039     0.998842     1.502491    -0.203941    -0.866102     39
   -0.599474     4.008122     2.067493     0.710996     3.077968    -1.038618    -1.037932     0.674395     0.047279     39
   -0.599474     4.560026     2.525300     0.856921     3.788561    -0.603122     0.422184    -1.183058    -1.181774     39
   -0.599474     3.461544     2.716502     1.714024     3.991414     0.658652     0.461851     0.205449    -0.556142     39
   -1.289145     5.032828     2.557288     2.348517     3.380147     1.071910    -1.000832     1.121119     1.215244     40
   -1.289145     2.742615     2.061665     3.181054     2.834967     0.318960     0.565057     0.596852     0.201424     40
   -1.289145     4.602250     2.542063     2.103706     3.181685     1.426565    -1.317294     0.518944    -0.302070     40
   -1.289145     3.080508     2.294176     1.863207     3.485012    -0.757756     1.523202     0.735844    -0.411814     40
   -1.289145     2.439438     2.520914     2.729906     3.702484    -0.475282    -0.135893    -0.552238    -0.556498     40
   -1.289145     3.716408     3.144790     1.236530     4.344468     0.078756     1.250886     1.539766    -0.687701     40
   -0.229200     3.626427     2.421480     1.197965     3.259907    -1.022327    -1.643301     1.600637    -0.154361     41
   -0.229200     4.425412     3.505727     1.511905     4.051483    -0.027331    -1.250776     2.742609     0.625617     41
   -0.229200     4.003043     0.717844     1.521554     2.181626    -0.307183    -0.835068     0.131121    -0.895013     41
   -0.229200     3.992758     1.929632     2.336137     2.542272    -0.093328     0.187969    -1.456007    -0.320229     41
   -0.229200     4.695134     1.852142     1.199003     4.118480     0.201213     0.557544     0.138236     0.177340     41
   -0.229200     5.064643     3.133112     1.355698     3.139716     0.156187    -0.512207     1.079452    -0.633039     41
    1.653663     5.425174     3.443119     2.046861     4.300467     2.336710    -0.264616     0.161417     0.120302     42
    1.653663     4.044421     2.319841     2.070639     3.805328     0.208056    -0.397788     0.565034    -0.571470     42
    1.653663     4.121874     1.812700     1.463429     2.126467    -0.692961    -0.308331     0.112006     0.124738     42
    1.653663     4.915244     2.796855     0.198738     4.029345    -1.362400    -0.402936    -0.994654    -0.168517     42
    1.653663     4.868908     2.638271     0.911703     3.804568     0.246493     1.812591    -0.796316    -1.489831     42
    1.653663     4.874845     1.983748     1.217310     3.039599    -0.296950    -0.014414    -0.225184    -0.036983     42
   -0.227613     3.714439     1.834612     2.501974     2.890712     1.519095     1.159120    -0.405356    -0.492869     43
   -0.227613     2.611491     1.026812     0.963594     3.108559    -1.371307     0.395259    -0.699822     0.456764     43
   -0.227613     3.322100     1.960277     1.833636     3.170870     0.532999     0.568518    -0.007403    -0.094302     43
   -0.227613     3.575646     2.215987     1.656520     3.691991     0.483011    -0.135523    -0.627837     0.233245     43
   -0.227613     4.178508     2.638431     1.099708     4.336294     0.732206    -0.382021    -1.019326    -1.146981     43
   -0.227613     1.913692     2.661682     3.191677     3.000954    -0.882374    -1.060450     0.867767     0.877576     43
    0.072891     4.268256     2.640692     2.535398     3.414666     1.217309    -1.154849    -0.415690     0.190723     44
    0.072891     2.713995     1.333319     1.285664     2.760895    -1.253189     1.216098     0.606915     1.551973     44
    0.072891     4.746854     3.202460     1.597371     4.238277     1.042352     0.371108     0.169044     0.316068     44
    0.072891     6.305605     2.989071     1.409750     3.601935     2.067413    -0.064983     1.078048     0.349600     44
    0.072891     3.520876     2.638162     1.825560     3.760896    -0.078157    -0.844798     0.175615    -0.026477     44
    0.072891     4.017069     3.086612     1.103012     3.306330     0.393913    -0.363760     0.815794     0.910057     44
   -0.209675     3.753780     2.534212     1.519890     3.637289    -0.363567    -0.875843    -0.577498     1.245059     45
   -0.209675     4.524877     2.966072     1.541232     3.894597     0.723172     0.627274    -0.423052     0.575583     45
   -0.209675     3.485042     3.856065     1.054131     3.455510     0.009552     0.125665     2.860646     0.507159     45
   -0.209675     2.758434     1.213469     2.371958     2.474524    -1.063287     0.447521    -0.176604    -0.562254     45
   -0.209675     4.472204     3.245309     1.395508     4.196008     1.564039     0.051538    -0.947441     0.218199     45
   -0.209675     2.858834     2.625969     0.562976     4.201022    -1.638670    -1.742169    -1.566712    -0.261506     45
   -1.038021     3.570959     1.290854     2.014354     3.783633    -1.635302     0.241464    -1.220998    -0.618157     46
   -1.038021     4.172970     2.954218     2.629486     3.552049     0.322984     0.197176    -0.028465    -0.715264     46
   -1.038021     2.680420     2.077141     1.997081     3.270200    -2.127717     0.588129    -1.519909     0.542290     46
   -1.038021     3.311014     2.379820     2.173848     3.741845    -1.111466    -1.489911    -0.254810    -0.840919     46
   -1.038021     3.573254     1.633625     1.573701     3.847599    -0.325679    -0.407148     0.023301     0.206397     46
   -1.038021     3.489771     2.034025     1.207178     3.676832    -0.487906     1.971961     0.877823     0.380614     46
   -0.483604     3.262970     1.856514     1.268691     2.344370    -2.689454    -1.239984     1.701242     1.199557     47
   -0.483604     3.334506     2.699673     1.589699     3.455286    -0.680062    -0.301726    -0.428304     0.359141     47
   -0.483604     3.764758     3.083143     1.489820     4.108577    -0.328596     0.171916     0.939006     0.048094     47
   -0.483604     4.029752     1.756396     0.829533     2.824404     0.880571     0.420515    -1.062082     0.866462     47
   -0.483604     4.960603     2.980113     1.224129     2.839520     1.567248     0.600472    -0.094382    -0.131214     47
   -0.483604     5.240185     2.176673     0.736475     3.376627     0.685208    -0.694200    -0.261750     1.585708     47
   -0.078574     4.361968     2.803278     0.897612     3.977365     0.867656     0.871502    -0.046585    -0.725708     48
   -0.078574     4.033122     3.001212     1.157355     4.019429    -0.208758     0.197466    -0.124017     0.108953     48
   -0.078574     3.787611     1.884091     1.166731     2.945388    -0.080417     1.630221    -0.488648     0.792114     48
   -0.078574     3.889972     2.403669     1.557534     2.778773     0.316831    -1.248713     1.109702    -0.402156     48
   -0.078574     3.769756     2.265270     0.334227     3.858251    -1.121088     1.291434     1.141008     0.626203     48
   -0.078574     4.654127     2.478864     2.225710     1.805218     0.180372    -1.797072     1.015711     0.729212     48
   -0.082464     3.620011     2.170645     1.458520     3.172114     0.498750    -0.626998    -0.627085    -0.075846     49
   -0.082464     2.595297     2.197117     1.592114     3.023159     0.052298    -0.179916     0.689099     0.418068     49
   -0.082464     2.746570     3.158277     2.459250     3.111856     1.475581     0.323481     0.793608     0.153259     49
   -0.082464     3.653136     2.761203     1.721289     3.007350     0.590312    -1.042955    -0.004378    -0.414587     49
   -0.082464     1.575525     2.115455     1.572924     3.824705    -1.653161    -0.108590     0.410259    -0.331057     49
   -0.082464     3.347006     1.874791     1.851215     2.916589     0.985052    -0.565658    -0.491706    -1.203875     49
   -2.436309     2.571813     2.397320     1.704975     2.984103     0.169834    -1.363593    -0.439450     0.212861     50
   -2.436309     3.733296     3.365715     2.011078     4.171458     0.369136     0.459884    -0.902839    -1.293988     50
   -2.436309     3.569004     3.379837     0.341913     3.523705    -0.432061     0.365576     0.653443    -0.120097     50
   -2.436309     3.114600     1.508335     1.664783     3.015041     0.207642    -1.035131    -1.721802     0.151996     50
   -2.436309     4.460943     2.306241     0.203608     3.657268     0.511461     0.696811    -0.953484    -0.996010     50
   -2.436309     2.863214     2.583755     1.880258     4.428271     0.097918    -0.556475     0.672040    -1.106242     50
   -0.242365     4.481703     2.119224     1.521048     2.953714    -0.130662     0.190235     0.110701     0.169930     51
   -0.242365     4.057940     1.653964     1.374227     2.357577    -0.332001     1.327697    -0.369446     0.303409     51
   -0.242365     4.420457     2.644305     2.262114     3.548079    -0.200721    -1.004482     0.070310     0.289042     51
   -0.242365     3.735273     1.802056     0.613309     3.307782    -1.570396     0.734884    -0.044787     0.931438     51
   -0.242365     4.143149     2.231726     2.432207     2.097160     1.043849     0.286716     0.525635     0.024700     51
   -0.242365     4.794246     2.138526     0.722515     3.478038    -0.002345     0.135789    -0.264413     0.085947     51
    0.646608     2.869892     2.052948     1.275065     3.092700     0.142210     0.392470     0.992978     0.425722     52
    0.646608     4.471205     3.014152    -0.225197     4.066497    -0.981152    -1.754265     0.259161    -0.732124     52
    0.646608     3.451842     1.998718     1.355143     4.096790     0.454485     1.110126    -0.922513     0.198512     52
    0.646608     4.384183     1.898289    -0.070237     3.583806    -0.255866    -0.285096    -2.859800    -0.303568     52
    0.646608     4.112970     2.213849     0.115034     3.537707    -0.586110     0.167547     0.293809    -0.764881     52
    0.646608     3.602430     1.726905     0.144131     3.225252     0.320136     0.087606    -2.229750     0.610081     52
   -0.183856     3.764674     2.349314     1.750463     4.171669     0.679751     0.172095    -0.970580     0.160205     53
   -0.183856     2.558081     2.410787     0.872390     3.099102    -1.630830     0.762401    -0.794354     1.515286     53
   -0.183856     3.471467     1.569273     2.359071     3.426037     0.646410     0.422986    -0.123895     0.405068     53
   -0.183856     3.479758     3.235694     2.014007     4.291479     0.041523    -0.114718    -0.306840    -0.138969     53
   -0.183856     3.814635     3.537900     1.361348     4.626655     0.014839    -0.286190     0.070211    -1.110802     53
   -0.183856     2.984834     2.919340     2.051667     4.722696    -1.221214    -0.091829    -0.273547    -1.100267     53
   -0.537075     3.478477     2.083886     2.619785     2.676644     0.863506     0.287413    -0.428315    -0.361299     54
   -0.537075     3.247482     2.119024     2.853809     3.531136     0.197313    -0.063281    -0.869589     0.274907     54
   -0.537075     2.860883     2.745611     3.361675     4.315078    -0.317056     1.370149     0.900062     0.051722     54
   -0.537075     4.284156     3.098623     1.302569     3.736150     1.525206    -0.215050     0.057913    -0.417499     54
   -0.537075     3.933464     1.338077     2.650510     2.172888     0.232818    -0.465002    -0.379471     0.484139     54
   -0.537075     4.870003     2.561589     1.754978     3.779744    -0.386355     0.136623    -1.780346     0.554263     54
   -1.486134     3.951223     1.967018     3.025510     2.691529     0.142744    -0.114365     0.049884     0.638444     55
   -1.486134     4.751768     3.241065     1.054888     5.419417     1.222271     0.519565    -0.011624    -0.374882     55
   -1.486134     2.910127     1.682493     2.970824     2.622357     0.483716     0.075470     0.943228     1.802604     55
   -1.486134     3.296758     2.405105     1.950603     3.710532    -0.102262    -1.073380     0.240449     0.034023     55
   -1.486134     4.215828     1.340083     1.716288     2.563287    -0.882029     0.293122    -0.844549     0.606352     55
   -1.486134     3.951579     2.593224     2.359696     3.397101     0.837759     0.191955     0.089192    -0.088274     55
    0.943445     2.491041     2.257509     2.270100     3.128755    -0.616113    -0.018814     1.600920    -1.292786     56
    0.943445     3.234034     2.704608     0.567962     4.508895    -0.831001    -0.104154     1.035688    -0.017571     56
    0.943445     3.009728     1.957766     0.740129     4.110635    -0.656431     1.659529     0.390733    -0.713299     56
    0.943445     3.553604     2.033752     1.642277     1.917768    -0.139841    -0.336149     0.136569     0.466200     56
    0.943445     3.558506     2.923169     1.447101     3.432578     0.303703    -0.923133     0.999891    -0.022468     56
    0.943445     3.399532     2.124795     1.679440     3.190635     0.410056    -0.431913     0.933781     0.696973     56
    0.581907     3.710770     2.024167     1.384184     2.987498     0.115034    -1.014937     2.287421    -0.390667     57
    0.581907     3.152613     3.328970     1.565417     4.003100     0.326162     0.880917     0.470884     0.012714     57
    0.581907     3.355334     1.849680     2.280492     2.802513     0.523759     0.904048     1.222384    -0.727194     57
    0.581907     3.449104     3.606276     2.378185     3.807842     1.535751    -0.643106     0.521586     0.414942     57
    0.581907     2.853377     3.162603     1.647859     4.259345    -0.658786     0.108995     0.954305    -0.372915     57
    0.581907     2.953935     2.649165     1.926328     4.160019     0.663104    -0.856520     0.398680     0.410950     57
    0.985261     5.046716     2.029089     0.884686     2.897299     0.739994    -1.702864    -0.128130     0.153394     58
    0.985261     4.511013     2.703461     0.491303     3.261486     0.541774     0.436453     1.871174    -0.548983     58
    0.985261     3.610069     1.808857     1.126997     2.758044    -0.686129    -0.327028    -1.306367     0.163942     58
    0.985261     3.879697     1.843256     1.635045     2.717718    -0.049032    -0.112681    -1.794732     0.647078     58
    0.985261     2.859205     1.519142     2.160159     2.138407    -0.989545     0.281070    -1.197890    -0.414752     58
    0.985261     3.773667     2.283576     0.602629     4.177341    -1.047766    -0.179099     1.056018     1.242521     58
   -0.177137     2.526046     2.119376     1.517612     3.383724     0.122622     0.614801     0.286625    -0.278018     59
   -0.177137     3.700456     1.044892     1.082249     2.309688     1.005769     1.491345     0.344975    -0.372273     59
   -0.177137     4.580988     2.723351     1.143886     2.800946     0.540725    -1.291597     0.586978    -0.106310     59
   -0.177137     3.107355     2.660077     2.001503     4.059280    -0.978249    -0.164755     1.070920    -0.143742     59
   -0.177137     4.312997     3.101970     0.501339     3.702840     0.744469     0.874467    -0.159164     0.612392     59
   -0.177137     2.697803     1.989578     1.966952     3.396312    -0.723416     0.085977     0.898854     0.034590     59
   -0.351563     3.824240     3.368827     1.187551     4.506731     0.137564    -0.277606     0.706703     0.204235     60
   -0.351563     5.585035     2.575912     1.160088     2.612086     1.098757    -0.116735    -1.125639     0.553474     60
   -0.351563     4.071525     2.746910     1.196371     3.189640     0.182148    -0.861602     0.687394    -0.053246     60
   -0.351563     5.074991     3.712830     0.576138     4.301846     0.517717    -0.133897     1.571660     0.526159     60
   -0.351563     4.293004     2.170706     0.743894     3.622253     0.148620    -1.663595     0.415613     0.645616     60
   -0.351563     4.003640     1.694261     0.302509     3.445820    -1.064172    -1.418831    -0.041122     0.501262     60
    0.568858     3.313509     1.834389     1.962147     2.718918    -1.545617    -0.704460    -1.470811     0.462631     61
    0.568858     4.734307     1.853474     2.423802     2.709564     1.722349    -1.378134    -0.428343    -0.771007     61
    0.568858     4.390727     1.485638     2.481803     3.198868     0.837166    -2.145213    -1.213509     0.672017     61
    0.568858     3.470070     2.724626     1.716964     3.670432     0.141877     0.016518    -0.041583     0.343535     61
    0.568858     4.577578     2.645601     1.882844     3.076981    -0.420799    -0.915256     0.964426     1.269466     61
    0.568858     3.880555     1.910312     1.936584     3.465011     1.381278    -0.012211    -0.300184     0.111744     61
    0.568858     5.075833     2.258355     2.342193     2.706220     0.788019    -0.516155    -1.933875     0.456647     61
    0.367008     5.262025     2.701588     2.491713     3.452241     2.936651    -0.652926    -1.410455     0.452291     62
    0.367008     3.200710     2.810095     1.019978     2.921554    -1.723556     0.326408     2.287633    -0.170435     62
    0.367008     4.002474     2.889900     1.422201     3.747693    -0.544830    -0.246420    -0.208081    -0.501804     62
    0.367008     4.042640     3.110227     0.980486     5.172917     1.348462    -0.946707    -1.266410    -0.241796     62
    0.367008     3.589668     2.555546     0.737468     4.957940    -0.945360     0.102259    -1.399828    -0.448175     62
    0.367008     3.948483     2.590414     2.076304     3.137017     0.584350     0.180667     0.732277    -0.675648     62
    0.367008     2.828725     2.936894     1.905272     4.350778    -0.693964     0.136221     0.347700     0.612830     62
    0.653298     2.076403     3.112049     3.382030     2.815901     0.078028     1.429554     0.956398    -1.529771     63
    0.653298     2.319081     2.187120     2.599331     4.056676    -0.933709     0.121922    -0.158241    -1.194397     63
    0.653298     2.927241     3.154909     1.707899     4.185080     0.440542    -0.332441    -1.530810    -0.018753     63
    0.653298     2.344101     2.406899     3.161582     3.046847     0.303144     0.057158    -0.328402    -0.437159     63
    0.653298     3.044412     3.358852     2.758652     3.902487     0.241573     0.180993    -0.005915     0.087601     63
    0.653298     2.657963     3.083348     2.377856     3.951115     0.302574    -2.275050    -0.832913    -0.676668     63
    0.653298     2.895738     2.789979     2.447657     3.663918    -0.006319    -0.647216     0.844541     1.164586     63
   -0.021156     1.878467     2.028860     1.263954     3.508790    -1.398726     1.294631    -0.019271    -0.262560     64
   -0.021156     3.216552     2.407813     2.081937     2.543874    -0.022176     0.753014     0.193133    -1.204481     64
   -0.021156     1.961304     2.076333     2.378810     3.290889     0.200203    -1.156344     0.021688    -0.508179     64
   -0.021156     2.404738     2.550373     2.244347     3.764325    -0.518326     0.562060    -0.348172     0.664311     64
   -0.021156     2.093934     2.222866     2.289279     3.509478    -0.246200    -0.132337    -1.254562    -0.680205     64
   -0.021156     2.234467     2.900898     1.690059     3.020988    -0.720693    -0.216025     1.320335    -0.247587     64
   -0.021156     2.737884     2.362694     2.379315     3.273742    -0.145378    -1.298403    -0.708810    -0.249293     64
    1.527486     4.196404     3.351532     1.333046     4.088538     1.645298     1.407572     0.256649    -1.311526     65
    1.527486     4.011654     1.440257     1.217100     3.147468     1.005333     0.985555    -1.395454     1.008742     65
    1.527486     3.018271     2.859929     1.073258     4.388482     0.019683    -1.648023     0.565351    -0.017062     65
    1.527486     3.319327     3.437315     1.332833     3.929840     0.464087    -0.095664     1.154164     0.852198     65
    1.527486     3.297565     1.880855     0.815778     3.865778     0.186758     0.899634     0.049573     0.682418     65
    1.527486     3.496403     2.099897     0.582251     1.605484     0.271726    -0.834612     0.504507    -0.608376     65
    1.527486     3.586584     2.046028     0.788082     3.819646     0.581639     1.004193    -0.639048    -0.206151     65
    0.604786     3.667442     2.413022     2.457613     3.566959    -0.143757     0.146009    -0.124600    -0.882982     66
    0.604786     2.578900     1.855264     0.125155     3.527157    -2.512289     0.072807     0.065736    -0.222587     66
    0.604786     2.898760     2.751093     2.071277     3.419640     0.109795     0.769226     2.201206     0.944487     66
    0.604786     2.188369     1.237961     2.118980     3.270215    -0.950549     0.459819    -0.298011    -0.294585     66
    0.604786     4.383716     3.051209     1.005444     4.062666     1.443791    -1.339825     1.609788     0.172121     66
    0.604786     3.575365     1.975707     1.414955     3.824372    -1.314159    -0.159248    -1.729738    -0.667520     66
    0.604786     3.386448     2.042352     0.444514     3.253007    -0.676239     0.371653     0.783324     0.894722     66
   -0.317896     4.364806     2.302196     1.991675     3.109373     0.278772     0.266300    -0.021213     0.713435     67
   -0.317896     3.718671     3.724357     0.423005     4.493751    -0.803911     0.600962    -0.355096    -0.632911     67
   -0.317896     4.156461     0.368783     1.558107     2.382994     0.092616    -0.034844     0.477459    -0.904275     67
   -0.317896     3.075941     1.720273     0.702495     3.720606    -0.280452    -0.466127     1.016441     0.381528     67
   -0.317896     3.806349     2.092609     1.190738     3.857352    -0.652506    -1.543074     1.020866     0.744666     67
   -0.317896     4.200432     1.284879     1.034769     2.907895     0.546675    -0.673592    -0.984371    -0.226357     67
   -0.317896     3.774805     3.475996     1.450509     3.935709    -0.319459    -0.581529     0.928109     1.246534     67
   -0.335132     4.348632     2.320838     1.705527     3.862700     1.455594     0.356728    -0.045448     0.343448     68
   -0.335132     3.255576     3.667373     1.827265     4.509215    -0.527557    -1.173196     0.698254     0.137087     68
   -0.335132     3.854995     2.375649     1.962239     2.837335     0.270932    -0.386058     0.488139     0.436422     68
   -0.335132     4.115156     2.091956     0.981990     4.136327    -0.195519     0.489042    -0.641656     0.476968     68
   -0.335132     3.856476     2.644991     1.275288     3.337638    -0.208660     0.469272     1.313082    -0.750575     68
   -0.335132     3.481248     3.104014     2.285803     4.790240     0.244451     1.311663    -0.313426     0.948430     68
   -0.335132     5.413474     3.166147     0.804651     4.230460     0.540110     1.493497    -0.084900     0.362482     68
    0.521566     3.123487     2.505970     0.939350     2.840272    -0.548523     0.116802     1.032701    -0.789006     69
    0.521566     4.075479     3.470054     0.875341     3.933305     0.800876    -1.779861     1.467003    -0.197001     69
    0.521566     2.426180     1.639651     1.052628     2.473124    -0.784706     0.590452    -0.548127    -0.343610     69
    0.521566     3.292431     2.109476     1.128942     2.826925    -1.319945    -0.269269     0.278504     0.170449     69
    0.521566     3.435585     2.766273     1.395654     3.852451     0.385073     0.410123     1.641469    -0.886858     69
    0.521566     3.789190     2.497280     1.244628     4.809986     0.033160     1.325666    -0.989270     0.269496     69
    0.521566     3.179567     1.367563     1.349249     3.383247    -0.603432    -1.809373    -0.946722    -0.869183     69
   -2.232045     2.303585     2.434970     1.832663     4.656783    -1.519732     0.440379    -1.341387     0.368125     70
   -2.232045     4.518414     2.227245     2.298248     3.035915     0.990109     0.848541     1.025436     0.113898     70
   -2.232045     3.167768     2.295106     2.947388     3.687957    -0.769370     0.434859    -0.443904    -0.823608     70
   -2.232045     4.551494     2.954530     1.895769     4.172592     0.308737    -0.607948    -0.497845     0.500692     70
   -2.232045     3.238208     2.521755     2.166584     3.725642    -0.219325     0.385555    -0.887754     0.838601     70
   -2.232045     3.866689     3.029490     2.299324     2.627621    -0.121694    -0.219554     1.132972    -0.396120     70
   -2.232045     4.094153     2.167781     1.128418     3.947609    -0.244310    -0.249783    -0.419404     1.372249     70
    0.493366     2.624262     2.615552     1.290459     4.006781    -0.495795    -0.347999     0.173975    -0.861762     71
    0.493366     3.185771     2.114655     1.671937     2.749001    -0.127702     0.580761     0.277146    -0.719640     71
    0.493366     3.360159     1.387959     1.079742     3.203196    -0.185087     0.654108    -2.365197     0.595921     71
    0.493366     3.253238     3.059444     0.790749     3.859130     0.151469     0.277747     0.904290     1.064029     71
    0.493366     2.291537     1.680009     2.685957     2.493611     0.919793     1.355611     0.478086    -0.181475     71
    0.493366     2.287211     2.132152     1.259539     2.455121    -0.107825     0.692802     1.325495     0.584604     71
    0.493366     2.734892     2.440896     2.313748     3.437291     0.178283    -0.427576     0.454413    -0.461225     71
   -1.614188     3.831816     2.837210     2.128155     2.565939     1.139029     1.583337     1.474789    -0.252671     72
   -1.614188     2.637204     1.828389     4.342239     3.696100    -0.235195    -0.624636    -1.532115    -0.702742     72
   -1.614188     3.481165     1.720542     2.470608     2.615335     1.602640    -0.041936    -1.247757    -0.482966     72
   -1.614188     3.693610     2.174350     1.366768     3.432085     0.231088    -1.249035    -0.136260    -0.263927     72
   -1.614188     3.834877     2.558128     1.624253     3.548499     1.591389     0.109659    -1.553327     0.006830     72
   -1.614188     5.113240     2.151072     1.221593     3.063957     0.722822    -1.340263     0.078507     0.115642     72
   -1.614188     3.265569     2.902686     2.085654     3.528625     0.276051     1.722268     0.216898     0.024354     72
    0.249976     3.094967     2.639172     2.328117     4.019947     0.446022     0.597053     0.934739    -0.032783     73
    0.249976     2.650308     3.178075     2.520606     3.414061    -0.757585    -0.706864     1.517427     0.588692     73
    0.249976     2.381981     2.653687     1.667553     4.769909    -0.467711    -0.976854     0.399280     0.299953     73
    0.249976     2.258999     1.607587     2.071349     2.787802    -0.592215    -0.582214     0.556003    -0.794316     73
    0.249976     2.189729     2.899956     2.791601     4.196278    -0.645682    -0.295835    -1.130032     0.348328     73
    0.249976     3.339504     2.994953     0.822069     3.496132     0.782210     1.032464     0.331875    -0.529810     73
    0.249976     3.062383     2.642747     2.219033     3.197091     0.298367    -0.315772     0.603061     1.133450     73
    0.780968     3.354540     1.614989     2.631181     3.475159    -0.076694     0.558874    -0.626702     0.387274     74
    0.780968     2.616264     1.482680     2.694990     2.866756     0.306119     0.201724     1.422009    -0.221558     74
    0.780968     2.515838     2.801736     1.929419     4.422023    -0.780565    -0.394951     1.370686     1.579957     74
    0.780968     4.399823     2.071966     2.585434     3.076442     1.434839     0.260644     0.239545    -0.134954     74
    0.780968     3.239116     2.300007     1.584048     3.133938    -0.933088     1.237802    -0.299738     0.635670     74
    0.780968     3.813578     2.835260     0.955948     3.835876    -0.103600    -0.708777    -0.346016     0.237501     74
    0.780968     4.002719     1.400309     2.866939     2.594915     0.732223    -1.170005    -0.890326    -1.189020     74
   -1.142896     4.270108     2.017793     1.053843     3.298110     0.418173     0.618586    -0.949845     0.432807     75
   -1.142896     3.475072     2.598628     1.496983     3.414912     0.515995    -0.105501     0.511184     0.857885     75
   -1.142896     4.179847     3.700158     2.107027     3.776966     1.418821     0.770534     2.336718     0.283928     75
   -1.142896     4.385794     3.308229     1.352306     3.657617     0.666747    -1.058968     1.101306     0.236624     75
   -1.142896     3.188444     2.554641     2.239459     2.895060     0.156492    -0.276932     0.478024     0.621612     75
   -1.142896     3.077140     2.704220     1.262111     3.926509    -0.891630    -0.567957     0.036413    -0.493444     75
   -1.142896     3.201874     2.284000     1.196003     3.710338    -0.547183     0.572658    -0.111969    -0.174844     75
    0.476752     3.842689     2.575078     1.470782     3.587047     0.506133    -2.850825    -1.333551    -0.640499     76
    0.476752     4.398934     1.591305     1.500124     3.865035     0.919078    -0.442855    -2.511531     0.961214     76
    0.476752     2.934562     2.037353     0.473708     3.286617    -2.105802     0.038400    -0.118971     0.077947     76
    0.476752     2.571893     2.113979     1.058588     3.353281    -1.475647    -0.340796     0.250743    -0.145104     76
    0.476752     4.187456     2.186020     1.141175     3.018946     0.319306    -0.569268     1.226157     0.015211     76
    0.476752     2.067030     2.473444     0.683219     2.921038    -0.750222     0.287132     1.667585     1.109579     76
    0.476752     2.682834     1.931429     0.082876     3.336068    -1.118074    -0.295380     0.306227    -0.065969     76
    1.802472     2.586225     2.523047     1.335319     3.880489    -0.608938     0.081422    -0.858833     0.404729     77
    1.802472     2.658250     1.782995     1.648515     3.048417    -0.903710    -0.800398    -0.016136     1.586397     77
    1.802472     2.494643     2.448149     1.822773     3.344859    -0.484733    -0.002698     0.089351     0.389175     77
    1.802472     1.458623     2.476942     1.149269     3.642854    -1.825205     0.539917     1.745989    -0.040991     77
    1.802472     3.465422     2.627075     2.322773     3.640288     0.675733    -0.506358     0.596738     0.688463     77
    1.802472     4.032883     2.509612     0.731620     3.725589     0.753531    -0.025439     0.011460     0.285870     77
    1.802472     3.641079     2.782297     2.065531     3.151103     1.248514    -0.764631     1.282374     0.771297     77
    0.313734     3.226355     1.720396     1.956145     3.114240     0.075725     0.020387    -0.675891     0.093051     78
    0.313734     3.254244     2.007869     2.251891     3.485736     0.838926     0.499667    -1.507551     0.271141     78
    0.313734     4.222248     2.285194     1.481888     3.494195     1.549861     0.291577    -0.742651    -0.020043     78
    0.313734     4.327008     2.565630     2.394248     3.104876     1.584728     0.266142    -0.639171     0.745980     78
    0.313734     3.698765     3.801903     1.423437     4.315401     0.762638     1.294862     1.499018    -0.511934     78
    0.313734     3.191385     2.494021     1.975703     2.981952    -0.472620    -1.310090     0.710784    -0.127667     78
    0.313734     3.367597     3.867770     2.522007     4.478935     1.337037     0.402871     0.260584     1.075122     78
    0.844337     3.705395     4.686492     1.642412     4.191580     0.215270     0.441091     1.396347     0.493688     79
    0.844337     3.449907     2.559276     1.800325     3.394310     1.228239    -0.910978     0.201188     0.089182     79
    0.844337     3.344453     2.634120     2.984107     4.469300     0.642126    -1.083797     1.143796     0.554197     79
    0.844337     2.858852     1.784105     2.718844     2.801754    -0.603623     0.087245    -0.073902    -0.819094     79
    0.844337     3.558202     2.221242     1.688333     3.735238     1.029476     0.578412     1.151121     0.576437     79
    0.844337     2.305493     2.261402     3.054211     2.843396     0.125266    -0.259311    -0.057504    -0.353233     79
    0.844337     2.291537     2.893733     1.334755     3.961495    -0.385967     0.948460    -0.297737     0.684077     79
   -0.551732     3.169277     2.010185     2.305159     3.461163     0.307348     0.490954    -0.740317     0.041510     80
   -0.551732     2.476834     3.256738     1.272112     4.767060    -0.074515     0.274486    -0.980975    -0.527322     80
   -0.551732     2.239445     2.519458     1.357732     3.513971    -0.534819    -0.047607     2.491510    -0.418473     80
   -0.551732     2.006733     2.397724     2.396846     4.050929    -0.464147     0.192146    -0.328428     0.330614     80
   -0.551732     2.508637     2.163609     1.982281     3.459346    -0.727036    -1.536590     0.827634    -0.330434     80
   -0.551732     2.965073     3.046282     1.903248     3.318294    -0.237751    -0.089734     1.851671     0.313090     80
   -0.551732     3.524942     2.800926     1.236748     3.855442     0.162270    -0.908495     0.656813     0.024544     80
    0.965354     3.764292     3.027743     0.786122     4.308592     0.551221    -0.446944     1.248326    -0.024082     81
    0.965354     3.266785     2.203983     1.810644     2.708110     0.100231    -0.831323    -0.438784    -0.021811     81
    0.965354     1.200252     2.422833     2.978307     3.378334    -1.013314     1.505551     1.369724     0.452424     81
    0.965354     3.251627     1.702040     2.037647     2.734101     0.423662    -0.439442    -0.264214    -0.155797     81
    0.965354     2.590803     1.382292     2.216327     3.435699    -0.257235     0.409362    -0.138490    -0.487365     81
    0.965354     2.641424     1.565133     3.585604     2.968106     0.735509    -0.583990    -1.344524    -1.061752     81
    0.965354     2.397933     2.659272     3.376254     2.926718    -0.142122    -1.400663     0.933376     0.606639     81
    0.242274     3.436430     2.495099     2.333119     3.387019    -0.084548    -0.658819     1.013802     0.422638     82
    0.242274     3.320817     2.805674     0.918631     4.545647    -1.186325    -0.862693     0.404313     0.576249     82
    0.242274     3.153642     2.280341     1.752383     2.921960    -0.525513    -0.604475    -0.012632    -0.107746     82
    0.242274     2.587842     1.700968     2.314764     2.895513     0.143347    -2.142724     0.003468     0.078779     82
    0.242274     2.581632     3.009309     2.672878     3.095544     0.345337     0.263959     1.296849     0.057709     82
    0.242274     3.439231     2.585577     2.533613     3.331931     0.133112    -0.931182     1.925697     0.142099     82
    0.242274     3.080738     2.570273     1.335405     3.349828    -1.139634    -0.508929    -0.336570     0.069669     82
   -0.345531     1.846290     2.799464     1.746462     4.796014    -0.710783     0.644210     0.152518     0.504493     83
   -0.345531     1.789459     1.870111     0.865518     3.737319    -1.586202     1.020929     0.528978     0.153043     83
   -0.345531     2.845793     2.970129     1.912402     3.505679     0.511109     0.913403     0.133104    -0.005270     83
   -0.345531     3.770581     2.782515     0.494961     3.961919    -0.566507     0.144686    -2.308211     0.433633     83
   -0.345531     2.218032     2.232471     2.028616     2.847117    -0.181131    -0.641747     0.886012    -0.328249     83
   -0.345531     2.949912     2.223998     2.053163     3.239717     0.705583     0.250032    -1.637980    -0.039158     83
   -0.345531     4.083581     2.553817     1.564478     4.168186     1.092826     0.825459     0.514678    -1.168594     83
    0.416398     3.727868     2.818384     0.192633     4.127605    -1.186792    -1.448406     0.928336    -0.820770     84
    0.416398     4.998605     3.207399    -1.278351     4.476518    -0.538216    -0.079434    -0.564204     0.271361     84
    0.416398     4.457250     2.929659     0.732554     3.959641     0.267042     0.320538     0.676691    -0.413891     84
    0.416398     5.170633     2.898307    -0.118176     2.875903     0.073797    -0.598478     0.639697     0.376555     84
    0.416398     4.837820     2.071463     0.165963     2.740932     0.538542    -0.688809    -0.085207     0.628463     84
    0.416398     5.209203     2.292361     0.034697     2.387766    -0.422611     0.731935     1.465867    -0.528949     84
    0.416398     5.200959     3.653252     1.188288     4.377039     0.813569    -0.964014     0.818909    -0.671919     84
    0.847512     2.517063     1.960518     2.183119     3.633157     0.852837     0.838461     0.135512    -1.230463     85
    0.847512     3.411455     2.539609     1.981792     3.178360     1.578355     0.540123    -1.320288     0.084823     85
    0.847512     1.947167     2.210669     1.305046     3.610174    -0.824170     0.571480    -0.606471    -0.850079     85
    0.847512     2.530626     2.390681     2.143384     3.561278    -0.583723     0.633839    -1.741979    -0.799073     85
    0.847512     2.869500     3.069909     0.328434     3.990254    -1.232361     1.442392     0.597357     0.028540     85
    0.847512     1.885333     2.292085     1.724090     3.689129    -1.184223    -0.050565     1.116888     0.877821     85
    0.847512     3.549852     2.882074     0.204683     3.159082    -0.381827     0.714412     2.276956     0.877727     85
    0.382597     3.116046     2.695233     2.088119     3.661835    -0.096789     2.236381    -0.237218     0.389482     86
    0.382597     3.214279     2.540855     0.304779     3.883053    -1.445491    -0.910440    -0.683025     0.321517     86
    0.382597     3.185068     2.604797     0.528579     3.655004    -0.794048    -0.516603     0.470655     0.057472     86
    0.382597     3.171411     1.919077     0.877812     3.466928    -0.980881     0.716379     1.010565     1.187669     86
    0.382597     3.473248     2.542560     1.194521     3.373497    -0.780320    -0.479680     2.026556    -1.141192     86
    0.382597     5.098585     2.517529     2.054570     3.032248     1.607174    -0.148290     0.756099     0.571931     86
    0.382597     3.383860     2.741519     1.528398     3.541800    -0.260253     1.248402     1.278540     0.887801     86
    0.159723     5.007979     3.222958     1.315207     4.299109     1.274074     0.481942    -1.105011    -0.367559     87
    0.159723     3.576063     2.323213     1.688104     3.475708     0.032047    -0.765112     0.561454     0.310952     87
    0.159723     3.931292     1.304811     2.380557     2.656178     1.278713     1.192155    -2.723410    -0.670324     87
    0.159723     3.999240     1.918571     1.453257     3.508890    -0.038387     0.866219     0.744275     0.775239     87
    0.159723     3.536566     1.821311     1.569705     2.420341     0.042333    -0.710580     0.307248     0.610561     87
    0.159723     3.041042     1.999188     1.703659     3.312535    -0.728679    -1.180433    -0.213322     0.238776     87
    0.159723     3.001519     3.345723     1.123761     4.317455    -1.230369    -0.246750     1.122259    -0.261892     87
   -0.782133     3.124934     1.780625     2.382214     3.285027    -0.818472    -0.550897    -0.343666    -0.192861     88
   -0.782133     4.153047     2.138380     2.346505     3.490960    -0.058764    -1.121417    -0.177422    -0.842581     88
   -0.782133     4.305336     3.032480     2.579117     3.777166     0.768421    -0.099143    -0.489397     1.181954     88
   -0.782133     3.682219     2.600308     3.473697     2.622692     1.058906     0.031968    -0.572126    -1.167012     88
   -0.782133     3.679459     2.317122     0.491408     3.702425    -0.949078     1.213583    -0.706898    -0.598969     88
   -0.782133     3.555243     2.141661     0.862150     3.661659    -0.054162     0.836923    -0.335265    -2.364871     88
   -0.782133     3.954150     2.529449     1.503086     3.582432     0.996394    -0.676246    -1.033177    -0.215001     88
   -0.774421     2.541097     2.779798     2.591769     3.278200    -0.334781     2.018812    -0.689596     0.374615     89
   -0.774421     3.449492     2.487761     1.147635     3.026911    -1.425559    -1.309482     1.058771     0.505771     89
   -0.774421     3.557024     2.460139     1.898301     4.092342     0.729426    -1.169794     1.224318    -0.051459     89
   -0.774421     2.979981     2.339154     1.150513     3.337031    -1.634913    -0.282286    -0.043149    -0.079546     89
   -0.774421     4.305271     1.674211     1.290950     2.213439     0.197019     0.806348     0.867860    -0.283865     89
   -0.774421     3.509579     2.629464     2.643692     2.424475    -0.473665     0.549424     0.489685     0.711186     89
   -0.774421     2.763786     1.841018     2.505704     2.486772    -2.042106    -0.128503     0.816281    -0.410655     89
   -0.158487     2.683847     2.451504     1.142482     3.553238    -0.550022    -1.727431     1.551003    -0.155130     90
   -0.158487     4.007581     3.207462     2.291353     3.253131    -0.330190    -1.119952     1.606331     0.540509     90
   -0.158487     3.414951     2.325919     1.718931     4.123717     0.011305    -0.084098    -0.793334     0.944467     90
   -0.158487     3.742812     1.580000     1.256168     3.585534    -0.544950    -0.352000    -1.160245    -0.303181     90
   -0.158487     2.504080     2.580529     1.730199     3.515226    -1.498217    -0.165868     0.748050     0.805242     90
   -0.158487     3.238576     1.318491     1.852906     2.565336    -0.580333    -0.816509    -0.675331    -0.138569     90
   -0.158487     3.473181     2.787368     1.033408     3.660463     0.563487    -1.095001     3.125113    -0.186341     90
